150336 104000 13.9498 42.2447 270.181 0.1952 0.1969 -0.070543 
60509 104001 -19.6774 -44.3535 310.273 0.2494 0.2502 0.087384 
137182 104002 3.87606 -46.3023 303.074 0.2385 0.2399 0.057113 
9011 104003 47.5792 15.3693 267.951 0.1943 0.1928 -0.078714 
125099 104004 2.31236 -36.6357 300.378 0.2351 0.236 0.045879 
149696 104005 -12.7192 42.5648 278.992 0.2056 0.2072 -0.038228 
10938 104006 45.9292 19.7612 267.046 0.1931 0.1919 -0.081964 
125815 104007 6.46545 -15.3259 291.897 0.224 0.2241 0.011618 
32243 104008 -22.1994 44.8016 281.41 0.2085 0.2098 -0.029142 
92936 104009 31.9135 36.5535 266.122 0.1912 0.1918 -0.085206 
152116 104010 -8.91725 40.0234 278.576 0.2053 0.2068 -0.039774 
70399 104011 0.775992 12.4524 284.543 0.2141 0.2143 -0.017063 
118469 104012 -44.4671 12.6838 299.553 0.2346 0.233 0.042505 
113872 104013 -40.9932 25.9558 293.974 0.2263 0.2254 0.019901 
24962 104014 21.6482 -45.0705 296.77 0.2295 0.2306 0.031177 
182638 104015 -8.94198 -20.763 298.866 0.2335 0.2336 0.039524 
119204 104016 -28.6199 -36.9683 310.829 0.2506 0.2507 0.089561 
18323 104017 34.4361 -36.2513 289.575 0.2201 0.2202 0.0023815 
131895 104018 18.6899 -44.7765 297.669 0.2308 0.2319 0.034771 
1651 104019 49.9025 -3.12034 273.381 0.2007 0.1988 -0.059248 
132259 104020 39.6586 -27.9592 285.077 0.2145 0.2139 -0.015196 
138587 104021 44.3018 -13.6974 278.777 0.207 0.2057 -0.039201 
171262 104022 41.3436 12.8088 270.934 0.1977 0.1966 -0.068078 
43521 104023 -27.5326 -41.7367 312.081 0.2523 0.2526 0.09487 
23693 104024 15.7767 47.4457 267.92 0.1923 0.1944 -0.079049 
23118 104025 20.1755 45.7487 267.02 0.1915 0.1933 -0.08225 
124020 104026 -32.733 -12.9478 304.223 0.2415 0.2406 0.061488 
95813 104027 30.9435 34.6334 267.138 0.1924 0.193 -0.081767 
92905 104028 34.8233 33.8017 266.122 0.1914 0.1916 -0.085403 
172438 104029 44.4253 4.44785 272.706 0.1999 0.1984 -0.06172 
149923 104030 -0.733351 43.97 274.585 0.2002 0.2021 -0.054822 
172853 104031 41.6038 3.55877 273.947 0.2013 0.2 -0.057161 
131956 104032 25.8597 -41.0613 294.071 0.2259 0.2267 0.02012 
6376 104033 48.4451 -12.372 276.98 0.2049 0.2032 -0.04606 
12676 104034 43.8836 -23.9631 282.379 0.2112 0.2102 -0.025739 
147761 104035 -23.2263 40.2312 283.355 0.2113 0.2123 -0.021998 
131980 104036 0.990593 -48.515 304.867 0.241 0.2425 0.06422 
132569 104037 45.3366 -17.2916 279.679 0.2081 0.2067 -0.036011 
178433 104038 -6.04569 -32.3415 301.824 0.2374 0.238 0.051424 
175123 104039 14.2112 -15.4065 289.429 0.2206 0.2207 0.0015701 
35975 104040 -34.867 35.837 288.708 0.2186 0.2186 -0.001268 
175333 104041 -22.6194 -21.2991 303.671 0.2405 0.2402 0.059018 
114647 104042 -44.0826 20.0646 297.038 0.2308 0.2295 0.031978 
115264 104043 -46.8782 12.1772 300.599 0.2361 0.2343 0.046521 
131927 104044 6.04758 -48.1434 303.065 0.2384 0.2398 0.056694 
142408 104045 -30.8476 37.4551 286.836 0.216 0.2164 -0.0086134 
115978 104046 -24.5783 -41.8438 311.181 0.2509 0.2514 0.090795 
121873 104047 -21.7337 -39.2626 309.375 0.2483 0.2487 0.08304 
113867 104048 -38.1325 30.0086 291.752 0.223 0.2225 0.010704 
50482 104049 -47.8549 14.4881 300.169 0.2354 0.2336 0.044711 
114062 104050 -36.5267 -31.952 311.879 0.2525 0.2519 0.093722 
122533 104051 -31.0426 -27.5257 308.58 0.2476 0.2471 0.079571 
41991 104052 -16.3895 -47.2375 310.269 0.2492 0.2503 0.086861 
119758 104053 -34.2049 -27.3594 309.587 0.2491 0.2485 0.083836 
29675 104054 -2.67629 49.9283 273.316 0.1982 0.2006 -0.059831 
119533 104055 -41.4039 -13.7581 307.458 0.2463 0.2448 0.074824 
124746 104056 -33.8147 -24.3136 308.453 0.2475 0.2468 0.078952 
177737 104057 7.25859 -41.6839 300.553 0.2351 0.2362 0.04608 
113181 104058 -45.3413 17.1058 298.49 0.2329 0.2314 0.0377 
50297 104059 -46.4095 18.6054 298.348 0.2327 0.2311 0.037127 
118764 104060 -45.2205 -8.76095 307.079 0.2458 0.244 0.073207 
122322 104061 -37.8441 -27.0101 310.705 0.2508 0.25 0.08854 
114830 104062 -35.1956 -33.4086 311.956 0.2525 0.252 0.093906 
137315 104063 43.7437 -15.6449 279.724 0.2082 0.2069 -0.036065 
152246 104064 -9.82095 33.04 281.351 0.2092 0.2102 -0.029838 
42522 104065 -20.7453 -45.4932 311.173 0.2507 0.2515 0.090573 
26955 104066 9.82715 -49.0248 302.166 0.237 0.2385 0.05272 
40492 104067 -5.74142 -49.6693 307.571 0.245 0.2464 0.075279 
173572 104068 20.9809 9.36164 278.988 0.2073 0.2071 -0.038748 
92850 104069 44.7659 18.7169 267.945 0.1942 0.193 -0.079351 
92825 104070 46.3264 14.4431 268.851 0.1953 0.1939 -0.076123 
30879 104071 -11.957 48.5493 276.913 0.2026 0.2047 -0.046716 
153248 104072 -29.3463 27.9995 289.563 0.2202 0.2201 0.0017645 
51047 104073 -42.4019 -26.4967 312.082 0.253 0.2518 0.094365 
118922 104074 -35.9555 29.2877 291.344 0.2225 0.2221 0.0087774 
14454 104075 42.2999 26.6593 266.136 0.1918 0.1912 -0.085857 
180024 104076 -19.7139 24.7015 287.465 0.2175 0.2177 -0.0064926 
142689 104077 -16.9087 45.4805 279.611 0.2062 0.2078 -0.036681 
18555 104078 33.2904 -37.3062 290.474 0.2212 0.2214 0.0052797 
118189 104079 -36.3529 -29.2638 311.018 0.2512 0.2505 0.089634 
32406 104080 -23.5792 44.091 282.309 0.2097 0.2109 -0.026497 
21886 104081 27.0352 42.0606 266.122 0.1908 0.1921 -0.086022 
51430 104082 -49.4112 -7.65076 308.183 0.2474 0.2453 0.077606 
132260 104083 38.7644 -29.1854 285.976 0.2157 0.2152 -0.012466 
25172 104084 20.2278 -45.7257 297.669 0.2307 0.2319 0.034 
112568 104085 -46.8599 -11.9533 308.777 0.2483 0.2464 0.080046 
178139 104086 31.5048 -28.6605 288.225 0.2186 0.2185 -0.003717 
95802 104087 39.7767 23.9411 267.935 0.1939 0.1933 -0.079603 
70409 104088 13.6977 3.15469 283.559 0.213 0.213 -0.021724 
170515 104089 39.6997 18.274 269.859 0.1963 0.1955 -0.072715 
137332 104090 40.299 -18.1436 281.802 0.2107 0.2097 -0.028556 
135855 104091 29.2152 -36.1977 291.52 0.2227 0.223 0.009191 
39068 104092 -41.6797 27.6189 293.889 0.2261 0.2252 0.018612 
132022 104093 24.5703 -41.8475 294.97 0.2271 0.228 0.022908 
41243 104094 -11.9098 -48.5608 309.369 0.2477 0.249 0.082418 
12912 104095 43.1181 -25.3146 283.278 0.2123 0.2114 -0.023049 
148384 104096 33.6813 28.7602 268.399 0.1942 0.1942 -0.078055 
97262 104097 28.8439 36.334 267.487 0.1927 0.1935 -0.081337 
114825 104098 -32.337 -36.1762 312.053 0.2525 0.2523 0.093797 
150921 104099 11.7772 37.634 272.76 0.1986 0.1999 -0.062334 
61249 104100 48.3923 -3.52646 274.281 0.2018 0.2 -0.056919 
122329 104101 -37.1022 -23.509 309.441 0.249 0.2481 0.082512 
120758 104102 -43.7315 15.4318 298.676 0.2332 0.2318 0.037781 
4560 104103 49.1183 9.34832 269.759 0.1965 0.1947 -0.073424 
146984 104104 2.68283 46.6613 272.8 0.1979 0.2 -0.062356 
149924 104105 2.93537 43.9103 273.635 0.1991 0.201 -0.059278 
123006 104106 16.703 -38.0676 296.372 0.2293 0.2301 0.028368 
2496 104107 49.9021 3.12759 271.575 0.1986 0.1967 -0.066881 
112802 104108 -44.6379 -18.4095 310.27 0.2504 0.2489 0.086038 
46394 104109 -38.0002 -32.4959 312.754 0.2538 0.2531 0.096665 
65149 104110 -37.4874 23.1939 294.021 0.2264 0.2257 0.018898 
36151 104111 -35.9436 34.7572 289.652 0.2199 0.2198 0.0015595 
113874 104112 -42.1651 23.9439 295.332 0.2282 0.2272 0.024179 
121970 104113 -21.9942 -35.4438 308.406 0.247 0.2472 0.078013 
61806 104114 44.7722 -18.7029 280.579 0.2092 0.2079 -0.033541 
6611 104115 48.0383 -13.8679 277.88 0.206 0.2043 -0.043719 
34006 104116 0.508273 -49.9974 305.767 0.2422 0.2438 0.067011 
119202 104117 -22.4561 -41.1746 310.483 0.2499 0.2504 0.086841 
173760 104118 25.6442 10.0593 277.374 0.2053 0.205 -0.045422 
152689 104119 -19.2251 29.505 285.849 0.2152 0.2156 -0.013325 
153384 104120 -14.7746 32.8912 283.242 0.2116 0.2124 -0.023384 
148380 104121 20.6641 39.9232 269.092 0.1943 0.1956 -0.075875 
116820 104122 -17.7959 -45.1413 310.27 0.2493 0.2502 0.08589 
92889 104123 41.3164 25.4535 267.036 0.1929 0.1923 -0.083279 
18798 104124 32.1096 -38.3272 291.373 0.2224 0.2227 0.0081883 
177795 104125 38.3551 5.91373 274.547 0.202 0.201 -0.056082 
150772 104126 8.057 45.7269 271.383 0.1964 0.1984 -0.067741 
3478 104127 49.7801 -4.68383 274.281 0.2018 0.1999 -0.057232 
176575 104128 24.8618 -36.419 293.167 0.2249 0.2255 0.015253 
28004 104129 9.74908 49.0403 269.719 0.1942 0.1965 -0.073821 
45090 104130 -35.9314 -34.7698 312.886 0.2538 0.2534 0.096968 
145578 104131 25.8188 41.0862 267.021 0.1919 0.1931 -0.083442 
28841 104132 3.54464 49.8742 271.517 0.1962 0.1986 -0.067363 
175744 104133 -2.62545 -35.5817 302.059 0.2376 0.2383 0.051209 
125213 104134 16.8246 -29.2015 293.449 0.2257 0.226 0.016314 
43183 104135 -24.8871 -43.3662 312.08 0.2522 0.2527 0.093479 
123473 104136 -37.9618 14.2041 297.253 0.2313 0.2302 0.031591 
121702 104137 -40.2229 18.7072 296.509 0.2301 0.229 0.02859 
92844 104138 48.2559 5.05255 271.57 0.1986 0.1968 -0.067208 
32600 104139 -24.9379 43.3371 283.209 0.2109 0.212 -0.023814 
124557 104140 28.5616 -33.1915 290.898 0.222 0.2222 0.0060857 
176609 104141 9.18353 -43.5251 300.802 0.2353 0.2365 0.04601 
151465 104142 -11.536 17.0673 287.515 0.2179 0.218 -0.0071897 
60673 104143 37.8336 -30.3846 286.876 0.2168 0.2164 -0.009714 
114822 104144 -30.0119 -38.1279 312.077 0.2524 0.2525 0.09329 
118224 104145 -46.1947 -0.234375 304.846 0.2424 0.2406 0.062703 
121223 104146 19.4466 -39.7956 296.155 0.2289 0.2297 0.027018 
131858 104147 4.53597 -48.3092 303.965 0.2396 0.2411 0.059053 
144467 104148 15.7839 45.8819 268.82 0.1935 0.1954 -0.077238 
31056 104149 -13.4611 48.1539 277.812 0.2038 0.2058 -0.044379 
142983 104150 -18.3246 44.9286 280.51 0.2074 0.2089 -0.034223 
113171 104151 -39.0244 28.8313 292.776 0.2245 0.2239 0.01346 
179340 104152 17.9226 30.2376 273.327 0.1997 0.2005 -0.060783 
118779 104153 -40.9007 -21.7079 310.252 0.2503 0.2491 0.085401 
25398 104154 18.7836 -46.3376 298.569 0.2319 0.2332 0.036805 
113301 104155 -39.2621 -28.4746 311.971 0.2527 0.2518 0.092721 
51106 104156 -48.9185 10.3433 302.251 0.2385 0.2366 0.051893 
27160 104157 8.29103 -49.3078 303.065 0.2382 0.2398 0.055261 
114658 104158 -48.3111 1.48178 305.003 0.2426 0.2406 0.063296 
14981 104159 40.5561 29.2439 266.128 0.1917 0.1914 -0.086899 
13170 104160 42.3098 -26.6436 284.178 0.2134 0.2126 -0.020321 
178966 104161 26.6851 -7.16993 282.896 0.2122 0.2118 -0.025147 
44659 104162 -33.7128 -36.9249 312.949 0.2538 0.2536 0.096891 
151159 104163 29.6548 30.5101 269.35 0.1952 0.1955 -0.075349 
135853 104164 32.8649 -33.3748 289.575 0.2202 0.2202 0.00066727 
29868 104165 -4.2356 49.8203 274.215 0.1993 0.2017 -0.05784 
137208 104166 17.4834 -41.0162 297.256 0.2304 0.2313 0.031317 
98489 104167 43.8695 13.1955 270.393 0.1971 0.1958 -0.071693 
132037 104168 -0.522574 -48.5212 305.768 0.2423 0.2438 0.066384 
50280 104169 -44.6236 22.5551 296.777 0.2303 0.229 0.029379 
21454 104170 29.613 40.2873 266.122 0.191 0.192 -0.087023 
115267 104171 -48.331 -0.467722 305.694 0.2437 0.2417 0.066045 
147604 104172 -32.9212 32.9382 289.424 0.2197 0.2197 -1.7972e-05 
169657 104173 46.1188 7.47771 271.567 0.1986 0.197 -0.067542 
60510 104174 -21.9424 -43.2865 311.177 0.2508 0.2514 0.089163 
125595 104175 -33.8786 13.3338 296.285 0.2299 0.229 0.027236 
92847 104176 47.7602 8.58288 270.66 0.1975 0.1959 -0.07088 
11481 104177 44.6023 22.5972 267.042 0.1931 0.1921 -0.083849 
142371 104178 -12.0846 46.9965 277.812 0.2039 0.2058 -0.044642 
119955 104179 -43.5568 -4.80413 305.577 0.2435 0.2418 0.065374 
175475 104180 26.5703 -10.7695 284.19 0.2139 0.2134 -0.02042 
120016 104181 -30.1622 -35.7993 311.448 0.2516 0.2515 0.090172 
19050 104182 30.8943 -39.3134 292.272 0.2236 0.224 0.011107 
62215 104183 48.4545 2.5369 272.476 0.1997 0.1979 -0.06442 
51408 104184 -45.9022 -19.824 311.384 0.252 0.2504 0.08991 
22698 104185 22.9957 44.3982 267.022 0.1917 0.1933 -0.084085 
7671 104186 48.0349 13.8797 268.853 0.1954 0.1938 -0.077586 
171904 104187 20.2619 32.5965 271.876 0.1979 0.1987 -0.066524 
132294 104188 42.3508 -23.6899 283.278 0.2124 0.2115 -0.02415 
121399 104189 -36.1407 -25.8557 310.164 0.25 0.2492 0.084517 
61807 104190 44.1651 -20.0969 281.479 0.2103 0.2091 -0.031027 
36322 104191 -36.9853 33.6465 290.615 0.2213 0.2211 0.0043919 
143851 104192 8.97206 47.688 270.618 0.1954 0.1976 -0.071271 
179700 104193 18.5958 26.2841 274.546 0.2014 0.2019 -0.056771 
179646 104194 -16.3241 25.2806 286.523 0.2163 0.2166 -0.011622 
171271 104195 27.634 31.5479 269.783 0.1956 0.1961 -0.07418 
119048 104196 -45.0409 10.7396 300.946 0.2366 0.2349 0.045993 
117316 104197 -3.03568 -48.4269 306.67 0.2436 0.2451 0.069775 
8434 104198 47.5832 -15.3569 278.78 0.207 0.2055 -0.041314 
94463 104199 41.8648 20.1528 268.854 0.1952 0.1943 -0.077646 
121623 104200 -28.387 -33.1073 310.025 0.2495 0.2494 0.083793 
34663 104201 -26.2745 42.54 284.108 0.2121 0.2131 -0.021094 
139492 104202 11.7158 -42.3861 299.763 0.2339 0.235 0.041005 
44319 104203 -31.3379 -38.9607 312.975 0.2538 0.2537 0.096431 
120012 104204 -20.2111 -41.9931 310.281 0.2495 0.2501 0.084855 
121571 104205 -33.036 29.3726 290.768 0.2217 0.2215 0.004809 
40685 104206 -7.30027 -49.4642 308.47 0.2463 0.2477 0.077242 
137123 104207 24.2051 -39.61 294.685 0.2269 0.2276 0.020405 
23951 104208 14.2826 47.9167 268.82 0.1933 0.1955 -0.077935 
112781 104209 -46.1719 -13.922 309.589 0.2494 0.2477 0.081908 
9892 104210 46.5263 18.3112 267.947 0.1943 0.1929 -0.081074 
116831 104211 -12.541 -46.8766 309.369 0.2478 0.249 0.080954 
119531 104212 -41.9676 -19.9261 310.197 0.2502 0.2489 0.084419 
169633 104213 42.7984 14.8946 270.338 0.197 0.1959 -0.072462 
148607 104214 -26.3522 38.4712 285.53 0.2142 0.2149 -0.015748 
125219 104215 13.7009 -38.6387 297.887 0.2314 0.2323 0.0332 
176570 104216 27.1966 -35.2038 292.244 0.2237 0.2241 0.01055 
135912 104217 37.6481 -27.1854 286.089 0.2159 0.2154 -0.013614 
15595 104218 38.643 31.7288 266.123 0.1916 0.1915 -0.087613 
13396 104219 41.4609 -27.9463 285.077 0.2146 0.2139 -0.017563 
173411 104220 23.2689 16.3403 276.379 0.204 0.2039 -0.050289 
132506 104221 48.2578 -5.0429 275.18 0.2029 0.2011 -0.054937 
180090 104222 8.63692 26.5895 277.845 0.2053 0.206 -0.044861 
173686 104223 28.5488 13.4874 275.576 0.2031 0.2028 -0.05331 
61141 104224 28.3325 39.3885 267.021 0.1921 0.1931 -0.08446 
51754 104225 -40.8308 -28.859 312.827 0.2539 0.253 0.095572 
20951 104226 32.0852 38.3476 266.122 0.1912 0.1919 -0.087685 
39100 104227 -42.4613 26.4014 294.953 0.2276 0.2266 0.021303 
118766 104228 -43.9564 -13.0033 308.587 0.2479 0.2463 0.077453 
92851 104229 43.5082 21.4844 267.942 0.1941 0.1932 -0.081239 
25624 104230 17.3199 -46.9044 299.468 0.2332 0.2345 0.039586 
51369 104231 -43.2932 -25.014 312.378 0.2534 0.2521 0.093603 
142712 104232 -19.7235 44.3342 281.41 0.2085 0.21 -0.031721 
23320 104233 18.7268 46.3606 267.92 0.1925 0.1944 -0.081383 
171258 104234 42.6578 6.73246 273.155 0.2004 0.1991 -0.062418 
95811 104235 33.6532 32.4903 267.571 0.1932 0.1934 -0.082567 
145925 104236 18.912 42.3661 269.193 0.1942 0.1958 -0.076778 
114038 104237 -48.3169 -2.32325 306.502 0.2449 0.2429 0.068637 
50315 104238 -46.8891 17.3612 299.467 0.2343 0.2327 0.039516 
31229 104239 -14.9554 47.711 278.712 0.2049 0.2068 -0.041984 
19308 104240 29.6476 -40.2619 293.172 0.2247 0.2253 0.014029 
3881 104241 49.6086 -6.24431 275.181 0.2029 0.201 -0.055146 
92871 104242 39.0623 28.7824 267.026 0.1928 0.1925 -0.08462 
135817 104243 14.7482 -44.2078 299.468 0.2333 0.2345 0.039388 
64343 104244 -29.1432 32.8347 288.418 0.2184 0.2186 -0.0048219 
42169 104245 -17.8588 -46.7019 311.169 0.2505 0.2515 0.088277 
145255 104246 21.875 43.3153 267.92 0.1928 0.1943 -0.081482 
132190 104247 33.061 -35.5241 290.474 0.2213 0.2214 0.0032354 
113886 104248 -44.593 18.9038 298.217 0.2325 0.2311 0.034282 
34236 104249 -1.04997 -49.989 306.668 0.2435 0.2451 0.069224 
1379 104250 49.9756 1.56293 272.478 0.1997 0.1978 -0.065136 
92826 104251 46.7553 12.9957 269.753 0.1964 0.1949 -0.075005 
142968 104252 -2.10085 48.481 274.215 0.1995 0.2017 -0.058827 
173675 104253 37.5328 -4.71724 278.738 0.2071 0.2061 -0.041956 
16049 104254 36.5942 34.0715 266.122 0.1915 0.1917 -0.087976 
16500 104255 34.4154 36.271 266.122 0.1913 0.1918 -0.088002 
135910 104256 40.1926 -23.6698 284.177 0.2136 0.2128 -0.021414 
151173 104257 39.1437 21.7682 269.381 0.1957 0.1951 -0.07633 
51428 104258 -48.6453 -11.56 309.761 0.2497 0.2477 0.082116 
118536 104259 -46.382 2.46821 304.334 0.2416 0.2398 0.059259 
33178 104260 6.74218 -49.5433 303.964 0.2395 0.2411 0.057761 
34827 104261 -27.5944 41.6959 285.009 0.2133 0.2142 -0.018322 
119153 104262 -45.7505 4.93183 303.324 0.2401 0.2383 0.05497 
71395 104263 4.58234 5.91912 286.218 0.2164 0.2165 -0.013574 
177229 104264 34.0485 -26.9363 287.35 0.2176 0.2172 -0.0092778 
94462 104265 43.2485 17.1305 269.595 0.1961 0.195 -0.075729 
61450 104266 14.4033 -46.3383 300.367 0.2345 0.2358 0.042789 
113870 104267 -39.8738 27.637 293.805 0.2259 0.2252 0.016189 
144464 104268 13.3847 46.6415 269.719 0.1945 0.1965 -0.075343 
61801 104269 43.516 -21.4693 282.379 0.2114 0.2103 -0.028478 
4297 104270 49.3865 7.80832 270.663 0.1976 0.1958 -0.071978 
142682 104271 -13.5415 46.5985 278.712 0.205 0.2069 -0.042355 
29076 104272 1.99114 49.9603 272.417 0.1973 0.1997 -0.065647 
30050 104273 -5.7957 49.663 275.115 0.2004 0.2027 -0.055775 
132201 104274 35.8732 -32.6838 288.675 0.2191 0.2189 -0.0041748 
41445 104275 -13.4149 -48.1668 310.269 0.2491 0.2503 0.084068 
132481 104276 47.1385 -11.5271 277.879 0.206 0.2044 -0.045546 
42835 104277 -22.154 -44.8241 312.076 0.252 0.2527 0.091732 
138473 104278 15.0059 -41.743 298.665 0.2323 0.2334 0.035678 
43994 104279 -28.831 -40.8506 312.98 0.2536 0.2538 0.095586 
124432 104280 -18.0349 -36.3787 307.892 0.2461 0.2466 0.073821 
113884 104281 -45.7916 15.9089 299.716 0.2347 0.2331 0.039994 
14050 104282 40.5679 -29.2275 285.976 0.2157 0.2151 -0.014764 
150723 104283 -16.2474 41.0321 281.496 0.2089 0.2102 -0.03192 
178112 104284 26.2309 -28.7613 290.603 0.2218 0.2219 0.0033188 
121625 104285 -31.0612 -31.0942 310.48 0.2503 0.2499 0.084771 
125709 104286 -6.63105 -40.9072 305.608 0.2425 0.2434 0.064234 
8686 104287 47.0815 -16.8326 279.679 0.2081 0.2066 -0.038855 
36968 104288 -37.9889 32.5091 291.6 0.2227 0.2223 0.0072216 
115752 104289 -25.8663 -41.0556 312.081 0.2522 0.2526 0.091623 
92949 104290 30.7515 37.5327 267.021 0.1922 0.193 -0.085164 
121993 104291 -8.92528 -45.826 308.035 0.2458 0.247 0.074386 
120877 104292 -43.5547 2.76206 303.387 0.2402 0.2386 0.054915 
179778 104293 33.5862 7.63882 276.05 0.2038 0.2031 -0.052357 
51370 104294 -44.1592 -23.4514 312.329 0.2533 0.252 0.092641 
28262 104295 8.21011 49.3213 270.618 0.1953 0.1976 -0.072393 
19532 104296 28.3738 -41.1695 294.071 0.2259 0.2266 0.016942 
122327 104297 -39.3851 -19.613 309.472 0.2491 0.2479 0.08032 
51431 104298 -49.7113 -5.36577 308.166 0.2473 0.2452 0.074907 
151397 104299 -10.8244 40.0105 280.08 0.2072 0.2086 -0.037451 
176702 104300 38.1759 -11.778 281.02 0.2099 0.2089 -0.033934 
171897 104301 39.8125 11.3709 272.76 0.1999 0.1989 -0.064596 
179931 104302 12.3044 28.8964 276.088 0.2031 0.2039 -0.052299 
116972 104303 -8.09505 -47.8395 308.47 0.2463 0.2477 0.076085 
138484 104304 35.5615 -29.268 287.731 0.218 0.2177 -0.0082176 
113314 104305 -42.3748 -23.4602 311.774 0.2525 0.2512 0.090087 
150593 104306 -8.84671 42.9764 278.458 0.205 0.2067 -0.043654 
151892 104307 28.0488 28.2442 271.074 0.1973 0.1976 -0.070745 
25861 104308 15.841 -47.4243 300.367 0.2344 0.2358 0.042333 
142072 104309 -21.1012 43.6995 282.309 0.2097 0.2111 -0.029185 
13744 104310 43.1088 25.3304 267.038 0.193 0.1923 -0.085397 
51086 104311 -48.1832 13.356 301.473 0.2373 0.2354 0.046785 
135908 104312 43.0487 -17.3747 281.311 0.2101 0.209 -0.033071 
31408 104313 -16.4345 47.2219 279.611 0.2061 0.2079 -0.03954 
92886 104314 35.8532 32.706 267.021 0.1926 0.1927 -0.085508 
114836 104315 -37.5274 -30.7703 312.645 0.2536 0.2529 0.093603 
92920 104316 33.0406 35.5431 267.021 0.1924 0.1929 -0.085537 
34990 104317 -28.8902 40.8088 285.911 0.2146 0.2153 -0.015515 
22096 104318 25.7116 42.8825 267.021 0.1919 0.1932 -0.085581 
61245 104319 48.512 1.01895 273.379 0.2008 0.199 -0.062707 
119527 104320 -41.934 -7.207 306.281 0.2445 0.243 0.066495 
124564 104321 12.3158 -30.2904 295.895 0.229 0.2295 0.023796 
59645 104322 22.4047 -8.2421 285.193 0.2152 0.2149 -0.018332 
122824 104323 -24.7944 -33.2096 309.251 0.2483 0.2483 0.078901 
132256 104324 40.7974 -26.2767 285.077 0.2146 0.2139 -0.018865 
59740 104325 -32.3817 36.1499 288.664 0.2185 0.2187 -0.0049293 
132508 104326 48.0759 -6.55485 276.08 0.2039 0.2022 -0.052888 
125807 104327 23.0396 -34.199 293.646 0.2257 0.2261 0.014733 
17086 104328 39.6334 -30.4827 286.876 0.2168 0.2163 -0.011936 
148048 104329 13.233 44.5578 270.664 0.1958 0.1976 -0.07266 
132202 104330 34.843 -33.7805 289.574 0.2202 0.2202 -0.0013934 
122844 104331 -8.75847 -43.0895 307.212 0.2447 0.2458 0.070296 
51158 104332 -49.9613 1.9659 305.932 0.2439 0.2418 0.06501 
115686 104333 -47.1432 11.0256 301.976 0.238 0.2362 0.048546 
51390 104334 -45.0417 -21.7082 312.188 0.2531 0.2517 0.09144 
148050 104335 15.5532 44.0858 270.06 0.1951 0.1969 -0.074889 
119156 104336 -41.349 -3.23975 304.803 0.2423 0.2408 0.060157 
66992 104337 -5.84205 6.1161 289.85 0.2212 0.2212 -0.00033109 
5037 104338 49.3883 -7.79687 276.08 0.2039 0.2021 -0.053001 
149625 104339 -29.3105 35.9408 287.734 0.2173 0.2177 -0.0086533 
112801 104340 -43.9711 -20.1714 311.326 0.2519 0.2504 0.087701 
146818 104341 -11.9168 45.0052 278.921 0.2054 0.2072 -0.042394 
60523 104342 -4.5528 -48.3053 307.57 0.2449 0.2464 0.071784 
180202 104343 13.123 19.4995 279.077 0.2071 0.2075 -0.041634 
147602 104344 -27.8418 37.238 286.82 0.216 0.2166 -0.012244 
119832 104345 -45.25 7.96955 302.381 0.2387 0.237 0.050117 
134573 104346 21.8852 -41.3566 296.454 0.2292 0.2301 0.025883 
143546 104347 1.43705 48.5057 273.316 0.1985 0.2007 -0.063216 
176687 104348 39.3621 -19.7274 283.423 0.2127 0.2119 -0.025395 
113302 104349 -40.6336 -26.4516 312.332 0.2532 0.2522 0.091888 
118968 104350 -33.0749 -32.6733 311.889 0.2523 0.2519 0.089944 
51427 104351 -48.043 -13.8519 310.611 0.2509 0.249 0.08455 
177703 104352 24.4672 -30.9203 292.133 0.2238 0.224 0.0084919 
19754 104353 27.0767 -42.034 294.97 0.2271 0.2278 0.019839 
143534 104354 7.47419 47.9428 271.517 0.1964 0.1987 -0.069854 
10215 104355 46.5319 -18.2971 280.579 0.2092 0.2078 -0.03634 
114083 104356 -43.2416 -21.9059 311.707 0.2524 0.251 0.089137 
124023 104357 -34.1319 -21.8155 308.651 0.2478 0.247 0.076005 
50288 104358 -45.2189 21.3367 297.963 0.232 0.2306 0.031867 
178639 104359 -0.721275 -30.4477 300.402 0.2354 0.2359 0.041633 
40870 104360 -8.84983 -49.2106 309.369 0.2476 0.249 0.079134 
147663 104361 -6.37768 45.992 276.811 0.2028 0.2048 -0.050519 
33401 104362 5.18574 -49.7304 304.864 0.2408 0.2424 0.060217 
142674 104363 -6.12061 48.1331 276.014 0.2017 0.2038 -0.053506 
51161 104364 -49.9999 0.101947 306.651 0.245 0.2429 0.067676 
121703 104365 -42.3261 13.5123 299.63 0.2346 0.2332 0.038523 
7416 104366 48.4422 12.3835 269.754 0.1965 0.1949 -0.076384 
132482 104367 46.7587 -12.9844 278.779 0.2071 0.2056 -0.043282 
114829 104368 -34.1637 -34.4539 312.91 0.2538 0.2534 0.094081 
142672 104369 -3.61409 48.3876 275.115 0.2006 0.2028 -0.056905 
51149 104370 -49.8415 3.97796 305.332 0.243 0.2409 0.062055 
329 104371 50 0 273.381 0.2008 0.1989 -0.063325 
43346 104372 -26.223 -42.5718 312.98 0.2535 0.2539 0.094369 
30269 104373 -7.35198 49.4565 276.014 0.2016 0.2038 -0.053644 
145660 104374 24.5287 41.8717 267.92 0.1929 0.1943 -0.082991 
34404 104375 -2.61464 -49.9316 307.569 0.2448 0.2464 0.071386 
35224 104376 -30.1563 39.8823 286.818 0.2158 0.2164 -0.012685 
46649 104377 -39.0373 -31.2425 313.489 0.2548 0.254 0.096492 
142073 104378 -22.4522 43.0236 283.208 0.2109 0.2122 -0.026617 
37035 104379 -38.9584 31.3408 292.606 0.2241 0.2236 0.010058 
121872 104380 -25.1931 -36.5645 310.654 0.2502 0.2504 0.084261 
137122 104381 26.3619 -38.2591 294.048 0.226 0.2266 0.015741 
138471 104382 12.4189 -45.1565 300.996 0.2354 0.2367 0.0439 
26153 104383 14.35 -47.8965 301.266 0.2357 0.2371 0.045041 
17334 104384 38.6607 -31.7073 287.775 0.2179 0.2176 -0.0090882 
24153 104385 12.7832 48.3383 269.719 0.1944 0.1966 -0.076749 
153415 104386 -2.77398 37.9363 278.376 0.2053 0.2067 -0.044927 
148053 104387 23.8924 39.8576 268.847 0.1941 0.1953 -0.079815 
11218 104388 45.2872 21.1913 267.943 0.1942 0.1931 -0.083128 
124323 104389 -40.2028 1.7445 302.923 0.2395 0.2381 0.051682 
31578 104390 -17.9037 46.6847 280.51 0.2073 0.209 -0.037035 
124418 104391 -27.9676 -29.4033 309.229 0.2484 0.2481 0.078013 
137343 104392 44.9696 -11.5854 278.981 0.2074 0.206 -0.042782 
182622 104393 -1.58672 8.76996 287.721 0.2184 0.2185 -0.009331 
116696 104394 -13.9954 -46.4637 310.269 0.2491 0.2502 0.082508 
116162 104395 -23.2744 -42.5846 312.079 0.2521 0.2526 0.090169 
29263 104396 0.435805 49.9981 273.316 0.1983 0.2008 -0.063862 
120933 104397 -22.999 -37.8597 310.417 0.2498 0.2501 0.083003 
149708 104398 -6.4573 43.3367 277.853 0.2043 0.206 -0.047115 
143011 104399 -33.4767 35.1404 289.592 0.2198 0.2199 -0.0021802 
22915 104400 21.5991 45.0941 267.92 0.1927 0.1944 -0.083389 
179701 104401 15.4244 34.5223 273.504 0.1998 0.2008 -0.063094 
9825 104402 47.0767 16.8458 268.848 0.1954 0.194 -0.080103 
51423 104403 -47.2767 -16.2761 311.342 0.2519 0.2502 0.086928 
125398 104404 -29.6623 -16.28 305.472 0.2431 0.2424 0.061978 
138388 104405 28.1862 -37.2149 293.172 0.2249 0.2253 0.011924 
176697 104406 38.889 -16.3211 282.64 0.2118 0.2109 -0.029125 
114656 104407 -48.0945 4.69171 304.633 0.242 0.24 0.058627 
14700 104408 41.4503 27.962 267.031 0.1929 0.1924 -0.086606 
19977 104409 25.7539 -42.8571 295.87 0.2283 0.2291 0.022725 
50163 104410 -43.1866 25.1975 296.177 0.2293 0.2283 0.02392 
115763 104411 -31.1997 -37.1593 312.969 0.2537 0.2536 0.093738 
2985 104412 49.6072 6.25525 271.567 0.1987 0.1968 -0.070452 
51122 104413 -49.1797 9.01955 303.582 0.2404 0.2384 0.054162 
120152 104414 -14.5543 -44.3723 309.838 0.2486 0.2495 0.080322 
150066 104415 11.9019 42.3695 272.106 0.1976 0.1993 -0.06843 
21671 104416 28.3353 41.196 267.021 0.192 0.1932 -0.08675 
135815 104417 17.7327 -42.8421 298.568 0.2321 0.2331 0.033513 
123549 104418 -37.7093 -3.87458 304.06 0.2412 0.2399 0.055989 
45238 104419 -37.0191 -33.6093 313.745 0.2551 0.2545 0.097014 
51286 104420 -49.9728 -1.64934 307.411 0.2461 0.244 0.070111 
10613 104421 45.9356 -19.7464 281.479 0.2103 0.209 -0.033774 
125696 104422 -14.9498 -37.1217 307.568 0.2455 0.2461 0.070596 
92827 104423 47.1367 11.5385 270.654 0.1976 0.196 -0.073813 
23524 104424 17.2589 46.9268 268.82 0.1935 0.1955 -0.080424 
137216 104425 19.6624 -42.0971 297.694 0.2309 0.2319 0.029891 
178947 104426 28.1188 7.17136 278.458 0.2067 0.2063 -0.045011 
115242 104427 -36.22 32.3158 291.537 0.2226 0.2223 0.0051437 
35399 104428 -31.3873 38.9209 287.729 0.2171 0.2176 -0.0098439 
5355 104429 49.1205 -9.33681 276.98 0.205 0.2032 -0.0508 
132477 104430 47.8486 -8.0579 276.979 0.205 0.2033 -0.050789 
133629 104431 46.0635 -5.70287 276.794 0.2048 0.2032 -0.051469 
28459 104432 6.65936 49.5545 271.517 0.1963 0.1987 -0.070885 
42344 104433 -19.313 -46.1195 312.07 0.2519 0.2528 0.089612 
135812 104434 10.142 -45.3161 301.984 0.2369 0.2381 0.047254 
17632 104435 37.6535 -32.897 288.675 0.2191 0.2188 -0.0062285 
118183 104436 -36.9256 28.2096 293.166 0.225 0.2245 0.011514 
44942 104437 -34.8587 -35.8451 313.83 0.2551 0.2548 0.097132 
178169 104438 36.5674 -13.7158 282.645 0.2119 0.2111 -0.029471 
92831 104439 44.158 20.1116 268.843 0.1953 0.1942 -0.080507 
147671 104440 -13.631 44.7962 279.883 0.2067 0.2083 -0.040017 
144155 104441 11.9259 47.0378 270.618 0.1955 0.1976 -0.074167 
151524 104442 -15.066 37.7093 282.729 0.2107 0.2118 -0.02922 
146981 104443 -1.18932 46.6813 275.115 0.2008 0.2029 -0.057793 
131931 104444 11.4933 -47.1469 302.166 0.237 0.2384 0.047937 
142405 104445 -23.7787 42.3048 284.108 0.2122 0.2133 -0.024016 
61246 104446 48.5219 -0.496748 274.281 0.2019 0.2001 -0.060928 
41810 104447 -14.9098 -47.7252 311.168 0.2504 0.2515 0.085644 
152873 104448 -0.807313 41.3131 276.801 0.2032 0.2048 -0.05159 
178418 104449 6.28411 -34.988 299.874 0.2344 0.2351 0.038312 
148693 104450 -15.5204 43.7307 280.903 0.208 0.2095 -0.036302 
121992 104451 -15.4262 -41.7737 309.378 0.248 0.2488 0.077868 
132514 104452 46.3304 -14.4313 279.679 0.2082 0.2067 -0.040961 
173204 104453 34.9493 15.667 273.44 0.2006 0.2 -0.063942 
131764 104454 21.4556 -43.5235 297.669 0.2308 0.2318 0.029416 
145028 104455 20.5103 43.9753 268.82 0.1938 0.1955 -0.080769 
116832 104456 -9.59037 -47.5641 309.369 0.2477 0.2489 0.077871 
150923 104457 18.3581 36.4145 272.066 0.198 0.1991 -0.069003 
31788 104458 -19.3582 46.1006 281.41 0.2085 0.21 -0.03448 
179262 104459 6.41992 20.24 281.441 0.21 0.2105 -0.03417 
153247 104460 -25.6857 25.0926 290.528 0.2216 0.2216 0.00078381 
92873 104461 40.5043 26.7261 267.932 0.194 0.1935 -0.084032 
51046 104462 -41.7388 -27.5295 313.432 0.2548 0.2537 0.095097 
50479 104463 -47.3186 16.154 300.731 0.2361 0.2344 0.041806 
142676 104464 -7.62836 47.9186 276.913 0.2028 0.2049 -0.051416 
120754 104465 -41.3025 15.5355 298.933 0.2335 0.2323 0.034401 
26532 104466 12.8539 -48.3195 302.166 0.2369 0.2384 0.0477 
149773 104467 -25.0905 35.992 286.711 0.216 0.2165 -0.01419 
30498 104468 -8.8995 49.2016 276.913 0.2027 0.2049 -0.051452 
138455 104469 7.7789 -43.6406 302.302 0.2374 0.2386 0.048185 
33606 104470 3.62616 -49.8683 305.764 0.2421 0.2437 0.062614 
152059 104471 -19.1427 39.0966 283.704 0.2119 0.2129 -0.025823 
20268 104472 24.4116 -43.6357 296.769 0.2295 0.2304 0.025588 
115376 104473 -28.8064 -39.0428 312.979 0.2536 0.2538 0.093039 
44502 104474 -32.5532 -37.9512 313.866 0.2551 0.2549 0.096865 
143857 104475 -0.0718 48.5277 274.215 0.1995 0.2018 -0.061461 
145658 104476 27.0869 40.2587 267.92 0.1931 0.1942 -0.084172 
112778 104477 -47.1246 -8.49801 308.914 0.2483 0.2465 0.075715 
114649 104478 -46.4018 13.8823 301.214 0.2368 0.2352 0.043644 
38127 104479 -39.89 30.1461 293.631 0.2255 0.225 0.012892 
142723 104480 -34.5342 34.1053 290.53 0.2211 0.2211 0.00056609 
151576 104481 5.52066 43.5908 274.019 0.1997 0.2016 -0.062195 
15320 104482 39.6194 30.5009 267.024 0.1928 0.1926 -0.087488 
149914 104483 6.37476 45.9571 272.958 0.1983 0.2004 -0.066154 
153123 104484 7.58432 35.4822 276.047 0.2027 0.2039 -0.054713 
112375 104485 -32.653 25.7446 292.706 0.2245 0.2241 0.0091007 
132129 104486 28.3688 -39.3655 294.071 0.226 0.2265 0.014556 
175406 104487 -14.2886 -29.7059 305.08 0.2422 0.2424 0.059284 
51147 104488 -49.6333 6.04408 304.946 0.2424 0.2404 0.058936 
11748 104489 45.2944 -21.1758 282.378 0.2114 0.2102 -0.031165 
1110 104490 49.9757 -1.55901 274.281 0.2019 0.2 -0.061445 
21234 104491 30.8659 39.3357 267.021 0.1922 0.1931 -0.087587 
43027 104492 -23.5347 -44.1149 312.978 0.2533 0.254 0.092799 
17842 104493 36.6155 -34.0486 289.574 0.2202 0.2201 -0.0033673 
35608 104494 -32.5785 37.9294 288.647 0.2184 0.2187 -0.0070033 
178882 104495 32.2416 -9.1323 282.739 0.2121 0.2114 -0.029785 
131925 104496 2.50422 -48.4601 305.764 0.2422 0.2437 0.062203 
143849 104497 5.96702 48.1528 272.417 0.1975 0.1998 -0.068362 
134636 104498 45.7155 -8.2172 277.962 0.2062 0.2047 -0.047946 
120153 104499 -10.9656 -45.2273 309.196 0.2475 0.2486 0.076504 
40299 104500 -4.17805 -49.8251 308.469 0.2461 0.2476 0.073484 
152953 104501 9.62618 41.0671 273.572 0.1994 0.2011 -0.064108 
123826 104502 16.2628 -33.3769 296.176 0.2292 0.2298 0.022689 
51432 104503 -49.8903 -3.31069 308.222 0.2473 0.2452 0.072363 
142076 104504 -25.0827 41.544 285.007 0.2134 0.2144 -0.02138 
61706 104505 31.541 -36.8741 292.272 0.2237 0.2239 0.0070337 
120451 104506 -40.017 -23.5686 311.695 0.2523 0.2512 0.086958 
151407 104507 -13.7309 41.8614 281.124 0.2084 0.2099 -0.036198 
41059 104508 -10.3858 -48.9095 310.269 0.2489 0.2502 0.080947 
171269 104509 22.4559 29.912 273.048 0.1996 0.2002 -0.066084 
29491 104510 -1.11693 49.9875 274.215 0.1994 0.2018 -0.06201 
150337 104511 18.203 40.6043 270.907 0.1964 0.1979 -0.073941 
180023 104512 -22.7696 21.7622 290.847 0.2222 0.2221 0.0013211 
135907 104513 41.8714 -20.1521 283.285 0.2126 0.2116 -0.028098 
92833 104514 45.5164 16.8171 269.747 0.1965 0.1952 -0.07825 
113883 104515 -43.3994 21.5657 297.803 0.2317 0.2305 0.029114 
119207 104516 -26.4726 -38.1722 312.075 0.2523 0.2525 0.088465 
115989 104517 -27.1385 -40.2225 312.981 0.2536 0.2538 0.092372 
5916 104518 48.8064 -10.86 277.879 0.2061 0.2044 -0.048551 
32033 104519 -20.7931 45.4714 282.309 0.2096 0.2111 -0.03188 
44156 104520 -30.1057 -39.9205 313.878 0.2549 0.255 0.09621 
114630 104521 -37.1793 31.1977 292.53 0.224 0.2236 0.0078951 
15826 104522 37.6339 32.9194 267.021 0.1927 0.1927 -0.088025 
131826 104523 20.0856 -44.1724 298.568 0.232 0.2331 0.032163 
7151 104524 48.8038 10.8714 270.656 0.1976 0.1959 -0.075098 
178648 104525 31.3133 -16.5335 285.623 0.2157 0.2151 -0.019179 
124957 104526 -37.3554 11.3245 299.227 0.234 0.2329 0.034734 
16739 104527 33.2689 37.3253 267.021 0.1924 0.193 -0.088079 
132509 104528 47.5768 -9.54776 277.879 0.2061 0.2045 -0.04864 
146772 104529 -31.3503 34.3409 289.559 0.2198 0.22 -0.0039173 
20488 104530 23.0413 -44.3745 297.669 0.2307 0.2317 0.028446 
12141 104531 43.8749 23.979 267.94 0.1942 0.1933 -0.084846 
61565 104532 -20.5862 -43.9449 312.074 0.252 0.2527 0.088349 
115687 104533 -47.727 7.66909 303.917 0.2409 0.239 0.054035 
62352 104534 45.8583 -15.8679 280.578 0.2093 0.2079 -0.038586 
144753 104535 17.2171 45.3611 269.719 0.1947 0.1966 -0.078544 
131860 104536 10.0224 -47.4798 303.065 0.2383 0.2397 0.050447 
122853 104537 -2.43986 -44.8113 306.331 0.2432 0.2445 0.063972 
114074 104538 -41.5121 -25.0908 312.782 0.2539 0.2527 0.091299 
152539 104539 30.4473 25.8724 271.811 0.1984 0.1984 -0.070898 
135796 104540 7.13305 -46.193 303.607 0.2391 0.2405 0.052635 
16271 104541 35.5218 35.1881 267.021 0.1926 0.1929 -0.088222 
22304 104542 24.3678 43.6602 267.92 0.1929 0.1944 -0.085056 
62451 104543 29.5561 38.4783 267.92 0.1933 0.1942 -0.085037 
18077 104544 35.5423 -35.1674 290.474 0.2213 0.2213 -0.00049138 
132018 104545 27.126 -40.2341 294.97 0.2272 0.2278 0.017381 
114844 104546 -38.4816 -29.5351 313.277 0.2545 0.2537 0.093317 
50294 104547 -45.7724 20.1218 299.159 0.2337 0.2323 0.034307 
118921 104548 -34.0611 31.7758 291.374 0.2224 0.2223 0.0030106 
24388 104549 11.2712 48.713 270.618 0.1954 0.1977 -0.075479 
26739 104550 11.3457 -48.6957 303.065 0.2382 0.2397 0.050321 
179901 104551 3.57252 35.7413 277.514 0.2045 0.2057 -0.050108 
12428 104552 44.6103 -22.5814 283.278 0.2125 0.2114 -0.028519 
175472 104553 30.6328 -23.8447 288.364 0.219 0.2187 -0.0088645 
2538 104554 49.7792 4.69344 272.47 0.1998 0.1979 -0.068844 
137183 104555 1.50495 -46.4077 305.597 0.242 0.2434 0.060732 
113321 104556 -45.0971 -16.9346 311.307 0.2518 0.2502 0.084809 
35774 104557 -33.7279 36.9111 289.57 0.2197 0.2199 -0.0041736 
30676 104558 -10.4336 48.8993 277.812 0.2038 0.2059 -0.049207 
92854 104559 38.1406 29.9931 267.923 0.1939 0.1937 -0.085158 
142407 104560 -29.6569 38.4054 287.72 0.2171 0.2177 -0.011427 
126174 104561 -15.0191 -2.94426 296.634 0.2305 0.2303 0.023815 
150068 104562 26.4346 38.1392 269.126 0.1947 0.1956 -0.080896 
142367 104563 -9.12597 47.6561 277.812 0.2039 0.206 -0.049272 
149419 104564 32.4048 30.1615 269.81 0.1959 0.1961 -0.078475 
132505 104565 48.4827 -2.01065 275.18 0.203 0.2012 -0.059075 
92845 104566 48.0758 6.56584 272.464 0.1998 0.1981 -0.06903 
51413 104567 -46.4497 -18.5047 312.331 0.2533 0.2517 0.089 
142377 104568 -15.4795 45.9889 280.51 0.2074 0.2091 -0.039247 
61707 104569 30.3716 -37.8414 293.172 0.2248 0.2252 0.0098676 
94464 104570 34.3865 31.2933 268.791 0.1947 0.1949 -0.08222 
125221 104571 6.7953 -24.3656 296.542 0.2301 0.2304 0.023293 
116833 104572 -15.436 -46.0038 311.168 0.2504 0.2514 0.083982 
151894 104573 33.2524 22.1859 272.211 0.199 0.1988 -0.06986 
132249 104574 37.2028 -31.1539 288.675 0.2191 0.2188 -0.007917 
172441 104575 38.5507 14.8654 272.888 0.2001 0.1992 -0.067431 
176701 104576 39.8338 -7.60645 279.951 0.2087 0.2075 -0.041331 
28652 104577 5.10236 49.739 272.417 0.1974 0.1998 -0.069298 
142074 104578 -26.3643 40.7358 285.908 0.2146 0.2155 -0.0187 
33807 104579 2.06881 -49.9572 306.664 0.2434 0.245 0.06495 
118931 104580 -39.723 24.1133 295.905 0.229 0.2281 0.02073 
170506 104581 42.7669 11.1419 272.736 0.2 0.1988 -0.068072 
148773 104582 -21.3501 41.1677 284.107 0.2123 0.2134 -0.025679 
38200 104583 -40.7753 28.9375 294.665 0.227 0.2263 0.015694 
125096 104584 -10.5352 -40.1676 307.623 0.2454 0.2462 0.068761 
118538 104585 -45.559 -3.1467 306.962 0.2454 0.2436 0.066031 
92870 104586 36.8474 31.5709 267.921 0.1938 0.1938 -0.085516 
111872 104587 -29.6672 19.9844 293.956 0.2264 0.226 0.012777 
122693 104588 -43.5267 6.40964 303.104 0.2397 0.2381 0.049941 
9010 104589 47.5792 15.3693 269.75 0.1965 0.1951 -0.07905 
92829 104590 47.4717 10.067 271.556 0.1987 0.1971 -0.072537 
176659 104591 42.4919 -13.368 281.028 0.2099 0.2087 -0.037476 
125651 104592 -36.3568 0.299651 302.757 0.2392 0.2381 0.048401 
32244 104593 -22.2038 44.7994 283.208 0.2108 0.2122 -0.029247 
10937 104594 45.9292 19.7612 268.844 0.1954 0.1942 -0.082318 
92937 104595 31.9135 36.5535 267.92 0.1935 0.1941 -0.085578 
51107 104596 -48.4842 12.218 302.832 0.2392 0.2373 0.048842 
133628 104597 46.4096 -2.37523 276.066 0.204 0.2024 -0.056064 
138589 104598 42.2906 -10.1726 280.044 0.2088 0.2075 -0.041229 
24963 104599 21.6482 -45.0705 298.568 0.2319 0.233 0.031287 
145720 104600 23.2154 42.6139 268.819 0.194 0.1954 -0.082454 
18322 104601 34.4361 -36.2513 291.373 0.2225 0.2226 0.0023908 
152056 104602 -25.6055 32.3522 288.52 0.2185 0.2189 -0.008815 
135923 104603 46.4272 3.07564 274.27 0.2019 0.2003 -0.062767 
131894 104604 18.6899 -44.7765 299.468 0.2332 0.2344 0.034894 
1650 104605 49.9025 -3.12034 275.18 0.203 0.2011 -0.059494 
132214 104606 39.6586 -27.9592 286.875 0.2169 0.2163 -0.015254 
119047 104607 -42.4245 19.4667 298.438 0.2327 0.2315 0.030639 
43520 104608 -27.5431 -41.7298 313.88 0.2548 0.2551 0.095175 
23694 104609 15.7767 47.4457 269.719 0.1946 0.1967 -0.079386 
23119 104610 20.1757 45.7487 268.82 0.1937 0.1955 -0.082602 
152843 104611 -1.47099 23.4009 283.485 0.2125 0.2131 -0.028283 
92903 104612 34.1289 34.5027 267.92 0.1936 0.194 -0.085781 
144466 104613 10.4551 47.3866 271.517 0.1966 0.1988 -0.07291 
50946 104614 -40.0307 -29.9591 314.131 0.2557 0.2549 0.096203 
131960 104615 25.8597 -41.0613 295.87 0.2284 0.2291 0.020193 
115683 104616 -47.3354 9.80487 303.313 0.2399 0.2381 0.050571 
6377 104617 48.4451 -12.372 278.779 0.2072 0.2055 -0.046245 
113278 104618 -47.6661 -6.27389 308.79 0.2481 0.2462 0.07341 
148694 104619 -8.0071 45.699 278.252 0.2046 0.2065 -0.048224 
12675 104620 43.8836 -23.9631 284.177 0.2136 0.2126 -0.02584 
139592 104621 35.6645 -7.91894 281.574 0.2107 0.2098 -0.035682 
131981 104622 0.990567 -48.515 306.665 0.2435 0.245 0.064435 
148382 104623 15.5119 40.6065 272.118 0.1978 0.1993 -0.07075 
104202 104624 45.3366 -17.2916 281.478 0.2104 0.2091 -0.036153 
116697 104625 -11.0741 -47.2446 310.269 0.249 0.2502 0.079586 
131793 104626 6.04778 -48.1431 304.864 0.2408 0.2423 0.056884 
118302 104627 -43.1466 -15.4003 310.351 0.2504 0.2489 0.079863 
35976 104628 -34.841 35.8623 290.498 0.221 0.221 -0.0013404 
115977 104629 -24.5846 -41.8391 312.98 0.2534 0.2539 0.091086 
132534 104630 48.3499 4.05613 273.371 0.2009 0.1991 -0.066344 
182620 104631 -6.31892 13.3679 288.493 0.2193 0.2194 -0.0091779 
142722 104632 -30.8366 37.4648 288.634 0.2184 0.2188 -0.0086725 
50178 104633 -43.8541 24.017 297.458 0.2311 0.23 0.026443 
67872 104634 12.3979 13.9637 282.061 0.211 0.2112 -0.033839 
114635 104635 -40.9501 26.1143 295.8 0.2287 0.2279 0.019705 
61731 104636 42.3433 23.706 268.839 0.1952 0.1945 -0.082737 
113868 104637 -38.1075 30.0545 293.543 0.2254 0.2249 0.01065 
41990 104638 -16.3894 -47.2376 312.068 0.2517 0.2528 0.087139 
134638 104639 43.6712 -2.37702 277.095 0.2053 0.2038 -0.052664 
178173 104640 33.8803 2.28292 278.81 0.2073 0.2065 -0.046215 
29676 104641 -2.6764 49.9283 275.115 0.2005 0.2029 -0.060079 
71329 104642 -16.1591 6.31657 294.147 0.227 0.2268 0.012974 
114061 104643 -36.5958 -31.8534 313.687 0.255 0.2544 0.093981 
97253 104644 39.085 25.5874 269.317 0.1957 0.1952 -0.081066 
118418 104645 -35.3446 -30.25 312.745 0.2536 0.253 0.089873 
131794 104646 8.5365 -47.7662 303.964 0.2395 0.241 0.052923 
42521 104647 -20.7474 -45.4923 312.972 0.2532 0.254 0.090864 
152877 104648 -1.12506 34.5701 279.744 0.2073 0.2084 -0.042819 
119706 104649 -40.6971 21.8563 297.173 0.2308 0.2298 0.025077 
174526 104650 -27.0512 2.95312 298.927 0.2337 0.233 0.032079 
118301 104651 -45.0025 -10.2072 309.3 0.2488 0.2471 0.075176 
142403 104652 -27.6254 39.8899 286.809 0.2158 0.2166 -0.015989 
26954 104653 9.82716 -49.0248 303.964 0.2394 0.241 0.052899 
40491 104654 -5.74147 -49.6693 309.369 0.2474 0.2489 0.075522 
92809 104655 46.3264 14.4431 270.65 0.1976 0.1962 -0.076446 
143856 104656 4.45576 48.3172 273.316 0.1986 0.2009 -0.066798 
30880 104657 -11.9561 48.5495 278.712 0.205 0.207 -0.046904 
120013 104658 -23.5115 -39.7672 312.003 0.252 0.2524 0.086579 
115382 104659 -35.231 -33.3567 313.779 0.255 0.2546 0.094183 
137318 104660 39.3276 -24.7319 286.053 0.216 0.2153 -0.018992 
14453 104661 42.2999 26.6593 267.934 0.1941 0.1935 -0.086228 
150517 104662 -30.6356 30.8899 290.837 0.2217 0.2217 -0.00033034 
149702 104663 -18.1908 42.6795 282.764 0.2105 0.2118 -0.031642 
151339 104664 -26.4635 29.566 289.895 0.2205 0.2207 -0.004066 
18554 104665 33.2904 -37.3062 292.272 0.2237 0.2239 0.0052992 
142688 104666 -16.9093 45.4826 281.41 0.2085 0.2102 -0.036828 
151572 104667 3.01835 40.5931 276.399 0.2028 0.2044 -0.055499 
32407 104668 -23.5859 44.0875 284.108 0.2121 0.2133 -0.026588 
169630 104669 45.3748 10.0881 272.456 0.1997 0.1983 -0.070033 
178625 104670 9.29906 -37.3234 300.29 0.2348 0.2357 0.037469 
139529 104671 31.3019 -32.3438 291.298 0.2226 0.2226 0.0013683 
21887 104672 27.0352 42.0606 267.92 0.1931 0.1943 -0.086393 
125700 104673 -24.028 -28.7203 308.535 0.2473 0.2472 0.071601 
175841 104674 -11.4149 -24.933 303.071 0.2393 0.2395 0.048778 
51442 104675 -49.1493 -9.18394 310.401 0.2505 0.2485 0.079656 
144752 104676 19.1194 44.5942 269.719 0.1949 0.1966 -0.079973 
146982 104677 -3.19616 46.5404 276.509 0.2025 0.2045 -0.055236 
142683 104678 -10.6115 47.3489 278.712 0.2051 0.2071 -0.047074 
51368 104679 -42.6713 -26.0607 313.869 0.2554 0.2543 0.094433 
144750 104680 14.8356 46.1972 270.618 0.1957 0.1977 -0.07677 
139573 104681 41.3314 -15.7464 282.434 0.2116 0.2106 -0.033016 
138457 104682 -1.7711 -46.6528 307.106 0.2442 0.2456 0.06568 
132215 104683 38.7644 -29.1854 287.775 0.2181 0.2176 -0.012513 
25171 104684 20.2278 -45.7257 299.468 0.2332 0.2343 0.034119 
152248 104685 6.26174 40.7221 275.309 0.2015 0.2032 -0.059639 
177182 104686 26.9137 -32.5628 292.858 0.2247 0.2249 0.0074466 
125215 104687 29.4911 -30.0277 291.163 0.2225 0.2225 0.00070396 
170512 104688 37.225 24.3362 270.484 0.197 0.1966 -0.07734 
177224 104689 4.56902 -41.518 303.321 0.239 0.24 0.049715 
120871 104690 -44.2109 -1.19311 306.143 0.2442 0.2425 0.061446 
131897 104691 24.5703 -41.8475 296.769 0.2296 0.2304 0.022991 
41242 104692 -11.9097 -48.5609 311.168 0.2502 0.2515 0.082684 
12911 104693 43.1181 -25.3146 285.077 0.2147 0.2138 -0.023138 
131898 104694 17.2756 -45.341 300.367 0.2345 0.2357 0.037605 
115767 104695 -32.3562 -36.159 313.857 0.255 0.2548 0.094098 
135929 104696 42.9722 -5.94897 278.685 0.2072 0.2058 -0.047376 
121989 104697 -12.6142 -42.6389 309.446 0.248 0.2489 0.075224 
124440 104698 -5.41257 -44.094 307.533 0.245 0.2462 0.067169 
132475 104699 48.3939 -3.52658 276.079 0.2041 0.2023 -0.057154 
149091 104700 11.62 45.295 272.067 0.1974 0.1994 -0.0718 
4559 104701 49.1183 9.34832 271.558 0.1988 0.197 -0.073734 
2497 104702 49.9021 3.12759 273.374 0.2009 0.199 -0.06716 
122730 104703 -27.6672 -35.9721 312.273 0.2526 0.2526 0.087097 
36152 104704 -35.9147 34.787 291.438 0.2223 0.2222 0.0014875 
138454 104705 2.98697 -43.9291 304.712 0.2409 0.2421 0.055261 
60669 104706 44.7722 -18.7029 282.378 0.2115 0.2103 -0.033672 
6610 104707 48.0383 -13.8679 279.678 0.2083 0.2067 -0.043892 
34005 104708 0.508238 -49.9974 307.565 0.2447 0.2463 0.067232 
151340 104709 -27.5866 34.5279 288.757 0.2187 0.2191 -0.0090778 
46395 104710 -38.0966 -32.3828 314.567 0.2563 0.2556 0.09695 
39069 104711 -41.6034 27.7336 295.698 0.2285 0.2277 0.018425 
95809 104712 35.9301 29.9894 269.106 0.1952 0.1952 -0.082591 
116700 104713 -17.7963 -45.1411 312.069 0.2518 0.2527 0.086166 
92890 104714 41.3164 25.4535 268.835 0.1952 0.1946 -0.083638 
18797 104715 32.1096 -38.3272 293.172 0.2248 0.2251 0.008218 
111878 104716 -17.108 12.4809 292.642 0.2249 0.2247 0.0060889 
132040 104717 13.4521 -46.6258 302.166 0.237 0.2383 0.044601 
3477 104718 49.7801 -4.68383 276.08 0.2041 0.2022 -0.057467 
28005 104719 9.74907 49.0403 271.517 0.1965 0.1988 -0.074132 
178136 104720 5.78777 -38.4029 301.99 0.2372 0.2381 0.043741 
62177 104721 25.8188 41.0862 268.82 0.1942 0.1954 -0.083802 
28842 104722 3.54458 49.8742 273.316 0.1985 0.2009 -0.06764 
137257 104723 30.8827 -34.6851 292.393 0.2239 0.2241 0.0050143 
43182 104724 -24.8937 -43.3624 313.879 0.2547 0.2552 0.093779 
123677 104725 -13.1347 -39.2427 308.591 0.2469 0.2476 0.071155 
32601 104726 -24.9455 43.3327 285.007 0.2133 0.2144 -0.023892 
45089 104727 -35.9779 -34.7216 314.704 0.2564 0.2559 0.097274 
61582 104728 -6.58829 -48.0702 309.369 0.2475 0.2489 0.074471 
179644 104729 3.15241 32.6001 279.238 0.2068 0.2078 -0.04572 
94465 104730 32.5237 33.7051 269.085 0.195 0.1954 -0.082974 
115374 104731 -30.0248 -38.1138 313.875 0.2549 0.255 0.093583 
179286 104732 -3.50035 29.5884 282.477 0.211 0.2118 -0.033576 
31057 104733 -13.4601 48.1542 279.611 0.2061 0.2081 -0.044557 
176620 104734 33.2787 -29.4649 289.905 0.2208 0.2207 -0.0050024 
142395 104735 -18.3257 44.9279 282.309 0.2097 0.2113 -0.034355 
51087 104736 -47.6559 15.13 302.023 0.2379 0.2362 0.043737 
25397 104737 18.7836 -46.3376 300.367 0.2344 0.2356 0.036933 
146294 104738 2.2728 46.3846 274.964 0.2007 0.2028 -0.061789 
27159 104739 8.29131 -49.3077 304.863 0.2407 0.2423 0.055446 
14982 104740 40.5561 29.2439 267.927 0.194 0.1936 -0.087277 
13169 104741 42.3098 -26.6436 285.976 0.2158 0.215 -0.020399 
138486 104742 33.72 -31.95 290.609 0.2217 0.2216 -0.002325 
50300 104743 -46.2837 18.9162 300.325 0.2353 0.2338 0.036684 
121058 104744 -16.1191 -43.782 311.17 0.2505 0.2514 0.081846 
124022 104745 -33.059 -17.6337 308.104 0.2469 0.2461 0.068761 
29869 104746 -4.23561 49.8203 276.014 0.2017 0.204 -0.058076 
44658 104747 -33.7307 -36.9086 314.756 0.2563 0.2561 0.0972 
67871 104748 -33.0874 22.9243 294.605 0.2272 0.2267 0.013444 
61581 104749 -0.522618 -48.5212 307.566 0.2448 0.2462 0.066605 
169639 104750 40.6976 17.2573 271.901 0.1989 0.198 -0.073041 
51136 104751 -49.3631 7.95543 305.022 0.2424 0.2404 0.055995 
21455 104752 29.613 40.2873 267.92 0.1933 0.1943 -0.087399 
122692 104753 -39.7802 -0.802474 304.75 0.2421 0.2407 0.054723 
131827 104754 23.2586 -42.5908 297.668 0.2308 0.2317 0.02577 
179341 104755 14.751 32.5482 275.458 0.2023 0.2032 -0.059999 
109719 104756 -37.3855 19.3529 297.239 0.231 0.2301 0.023987 
116342 104757 -21.945 -43.2824 312.976 0.2533 0.2539 0.089446 
150350 104758 26.2321 31.4821 272.001 0.1984 0.1989 -0.072702 
11482 104759 44.6023 22.5972 268.841 0.1954 0.1944 -0.084209 
153480 104760 18.6038 33.768 273.788 0.2003 0.2012 -0.066213 
118204 104761 -43.6556 15.4542 300.646 0.2359 0.2345 0.037796 
139574 104762 40.6988 -17.6784 283.586 0.2131 0.2121 -0.029787 
131963 104763 15.8456 -45.8619 301.266 0.2357 0.237 0.040287 
123216 104764 -37.7346 -24.5882 312.036 0.2526 0.2517 0.085256 
19049 104765 30.8943 -39.3134 294.071 0.226 0.2264 0.011148 
147901 104766 4.76048 46.2003 274.279 0.1999 0.202 -0.064615 
66064 104767 -38.2967 22.0982 296.666 0.2301 0.2292 0.021534 
114037 104768 -48.3757 -0.490637 307.558 0.2462 0.2442 0.066364 
51443 104769 -49.5687 -6.55303 309.978 0.2498 0.2478 0.076574 
69952 104770 -27.2452 13.5677 295.837 0.2292 0.2287 0.018116 
122845 104771 -7.00872 -45.8575 308.9 0.2469 0.2481 0.071937 
22699 104772 22.9957 44.3982 268.819 0.1939 0.1955 -0.084445 
169632 104773 41.5041 13.5741 272.927 0.2002 0.1992 -0.069572 
175034 104774 -21.5686 -24.9972 306.81 0.2448 0.2446 0.062963 
7672 104775 48.0349 13.8797 270.651 0.1977 0.1961 -0.077916 
118468 104776 -43.2265 17.5106 299.869 0.2347 0.2334 0.034415 
132257 104777 42.3508 -23.6899 285.077 0.2148 0.2139 -0.024243 
134626 104778 41.2035 -21.7294 284.806 0.2145 0.2136 -0.025276 
121991 104779 -17.622 -39.8555 310.457 0.2496 0.2502 0.078382 
60667 104780 44.1643 -20.0965 283.278 0.2126 0.2115 -0.031148 
143850 104781 8.97204 47.688 272.417 0.1977 0.1999 -0.071569 
112779 104782 -46.433 -11.8449 310.73 0.2509 0.2492 0.079586 
36323 104783 -36.9561 33.6786 292.399 0.2237 0.2235 0.0043262 
178896 104784 30.5196 11.2868 277.373 0.2055 0.205 -0.05324 
119956 104785 -44.7422 -6.76079 308.481 0.2476 0.2459 0.07001 
178884 104786 21.3217 -18.7431 290.455 0.2219 0.2219 -0.0033784 
177798 104787 28.783 -3.66602 282.944 0.2124 0.2119 -0.032368 
8433 104788 47.5832 -15.3569 280.578 0.2094 0.2078 -0.041478 
34664 104789 -26.2808 42.5361 285.907 0.2145 0.2155 -0.021162 
146348 104790 17.2441 43.3062 271.147 0.1966 0.1983 -0.076221 
135795 104791 4.57767 -46.4291 305.283 0.2415 0.2429 0.056577 
112777 104792 -48.1016 -4.10994 308.738 0.248 0.246 0.071058 
44318 104793 -31.3502 -38.9508 314.774 0.2563 0.2562 0.096738 
143539 104794 2.94537 48.4356 274.215 0.1997 0.202 -0.065171 
175244 104795 -13.3594 -15.5545 300.985 0.2365 0.2364 0.038595 
40684 104796 -7.30026 -49.4642 310.269 0.2488 0.2502 0.077491 
51371 104797 -43.6114 -24.455 314.037 0.2557 0.2544 0.093544 
125980 104798 -27.7674 -19.6572 307.159 0.2454 0.2449 0.064187 
23952 104799 14.2826 47.9167 270.618 0.1956 0.1978 -0.078267 
114073 104800 -39.3933 -28.2577 313.903 0.2554 0.2545 0.092918 
124730 104801 -32.747 -6.0409 304.285 0.2414 0.2404 0.052203 
9893 104802 46.5263 18.3112 269.745 0.1965 0.1952 -0.081419 
116529 104803 -12.5409 -46.8766 311.168 0.2503 0.2514 0.081215 
92856 104804 39.6468 27.9743 268.827 0.1951 0.1947 -0.084701 
120679 104805 -32.3514 -29.3592 311.94 0.2523 0.2518 0.084379 
177791 104806 34.4588 -13.3954 284.355 0.2141 0.2134 -0.027251 
15596 104807 38.643 31.7288 267.922 0.1939 0.1938 -0.087989 
13395 104808 41.4609 -27.9463 286.875 0.2169 0.2162 -0.017629 
113285 104809 -45.9413 -14.3133 311.466 0.252 0.2503 0.082397 
132479 104810 48.2579 -5.0429 276.979 0.2052 0.2034 -0.05516 
151342 104811 -22.1069 35.0255 287.086 0.2165 0.2172 -0.016821 
62178 104812 28.3341 39.3908 268.82 0.1944 0.1953 -0.084825 
20952 104813 32.0852 38.3476 267.92 0.1935 0.1942 -0.088066 
123819 104814 21.0622 -33.4255 295.519 0.2283 0.2287 0.01638 
25623 104815 17.3199 -46.9044 301.266 0.2356 0.2369 0.039722 
92852 104816 43.5082 21.4844 269.741 0.1964 0.1955 -0.081588 
142396 104817 -19.7256 44.3311 283.208 0.2109 0.2123 -0.031836 
23321 104818 18.727 46.3606 269.719 0.1948 0.1967 -0.081727 
180203 104819 17.4484 13.1391 281.223 0.2101 0.2101 -0.03923 
148385 104820 29.9364 32.3979 270.649 0.1968 0.1973 -0.078336 
31230 104821 -14.9546 47.7112 280.51 0.2073 0.2092 -0.042151 
19307 104822 29.6476 -40.2619 294.97 0.2272 0.2277 0.014079 
124010 104823 -27.0674 -4.46724 301.945 0.238 0.2373 0.042223 
173174 104824 29.1676 17.229 275.968 0.2037 0.2034 -0.058912 
3882 104825 49.6086 -6.24431 276.979 0.2052 0.2033 -0.055371 
122842 104826 -20.2793 -37.1973 310.595 0.2499 0.2503 0.078385 
175484 104827 22.2652 -27.6704 293.242 0.2254 0.2256 0.0071145 
138568 104828 38.7628 -21.4247 285.664 0.2156 0.2148 -0.02253 
114644 104829 -41.6256 24.9473 297.003 0.2304 0.2295 0.022207 
149918 104830 -2.45852 44.2725 277.507 0.2039 0.2058 -0.053381 
42168 104831 -17.859 -46.7018 312.968 0.253 0.254 0.08856 
145254 104832 21.8758 43.3149 269.719 0.195 0.1966 -0.081823 
34237 104833 -1.05002 -49.989 308.466 0.246 0.2476 0.069452 
122318 104834 -37.5749 -6.3653 306.101 0.2441 0.2428 0.059387 
1378 104835 49.9756 1.56293 274.277 0.202 0.2001 -0.065407 
39101 104836 -42.3829 26.5272 296.743 0.23 0.2291 0.021106 
118537 104837 -46.6417 0.960049 306.685 0.2449 0.2431 0.061913 
118420 104838 -37.4389 -27.6067 313.14 0.2542 0.2534 0.089183 
113276 104839 -48.4283 -2.18876 308.334 0.2474 0.2454 0.068838 
50281 104840 -44.4825 22.8321 298.679 0.2329 0.2316 0.028929 
175037 104841 -18.2549 -29.599 307.414 0.2455 0.2456 0.064798 
50327 104842 -46.7648 17.6932 301.155 0.2366 0.235 0.039031 
92810 104843 46.756 12.9959 271.551 0.1987 0.1973 -0.075325 
119751 104844 -32.0025 -33.9275 313.448 0.2544 0.2542 0.090445 
142967 104845 -2.10076 48.4786 276.014 0.2018 0.204 -0.059065 
16050 104846 36.5942 34.0715 267.92 0.1938 0.1939 -0.088358 
142970 104847 -4.60782 48.3031 276.913 0.2029 0.2051 -0.055761 
16501 104848 34.4154 36.271 267.92 0.1936 0.1941 -0.088384 
119530 104849 -41.0452 -21.6715 312.401 0.2532 0.252 0.085876 
33177 104850 6.74262 -49.5433 305.763 0.242 0.2436 0.057954 
172857 104851 15.669 27.9063 276.973 0.2044 0.205 -0.055425 
34828 104852 -27.5965 41.6945 286.807 0.2157 0.2166 -0.018388 
132210 104853 41.5953 -24.9953 285.976 0.2159 0.2151 -0.021608 
139437 104854 26.3322 -35.3354 294.511 0.2268 0.2272 0.011912 
137336 104855 46.53 5.21638 274.27 0.202 0.2004 -0.065619 
61802 104856 43.5148 -21.4687 284.177 0.2137 0.2127 -0.028586 
144465 104857 13.3847 46.6415 271.517 0.1968 0.1988 -0.075664 
4296 104858 49.3865 7.80832 272.461 0.1999 0.1981 -0.07228 
29077 104859 1.99107 49.9603 274.215 0.1996 0.202 -0.065918 
119953 104860 -43.9259 1.36207 305.722 0.2435 0.2418 0.057556 
51375 104861 -44.5476 -22.7049 313.952 0.2556 0.2542 0.092412 
30051 104862 -5.79555 49.663 276.913 0.2028 0.2051 -0.056003 
147672 104863 -9.70388 45.4391 279.624 0.2064 0.2082 -0.045861 
132137 104864 35.8732 -32.6838 290.473 0.2215 0.2213 -0.0041917 
118398 104865 -38.3121 26.4611 295.487 0.2282 0.2276 0.015723 
146890 104866 -23.8878 40.4967 286.001 0.2148 0.2157 -0.021609 
121405 104867 -39.4045 -17.2826 310.434 0.2504 0.2491 0.077294 
41444 104868 -13.4146 -48.1669 312.067 0.2516 0.2528 0.084337 
118767 104869 -42.8384 -17.6945 311.72 0.2523 0.2509 0.082784 
114031 104870 -48.4327 2.28649 306.927 0.2452 0.2433 0.062596 
42836 104871 -22.1573 -44.8225 313.874 0.2545 0.2552 0.092024 
71145 104872 -22.3092 14.7358 294.072 0.2267 0.2265 0.0099862 
132452 104873 47.1396 -11.5274 279.678 0.2084 0.2068 -0.045729 
51412 104874 -45.5248 -20.6759 313.616 0.2551 0.2536 0.090913 
123220 104875 -35.4353 -9.52036 306.536 0.2447 0.2436 0.060791 
43993 104876 -28.8401 -40.8442 314.779 0.2561 0.2563 0.095889 
50972 104877 -40.9986 -28.6202 314.761 0.2566 0.2556 0.095799 
14049 104878 40.5679 -29.2275 287.775 0.2181 0.2175 -0.01482 
51159 104879 -49.8831 3.41774 307.045 0.2454 0.2433 0.063067 
51123 104880 -48.7662 11.039 304.133 0.241 0.2391 0.050932 
147086 104881 22.4779 41.1033 270.365 0.196 0.1973 -0.079897 
8685 104882 47.0815 -16.8326 281.478 0.2105 0.209 -0.039011 
119155 104883 -46.318 -1.44915 307.484 0.2461 0.2443 0.064833 
115759 104884 -25.876 -41.0529 313.88 0.2547 0.2551 0.091923 
137188 104885 5.96645 -44.2362 304.329 0.2402 0.2415 0.051622 
172854 104886 35.6463 12.1196 275.652 0.2035 0.2027 -0.060641 
138594 104887 44.1844 4.25621 275.428 0.2033 0.2019 -0.061554 
36969 104888 -37.9613 32.5414 293.384 0.2251 0.2247 0.0071671 
95812 104889 30.1018 35.4745 269.719 0.1957 0.1963 -0.082271 
120798 104890 -45.7147 6.51157 304.647 0.2418 0.2401 0.052928 
61139 104891 30.7515 37.5327 268.82 0.1945 0.1953 -0.08553 
177222 104892 9.11586 -41.3233 302.32 0.2375 0.2385 0.043257 
114082 104893 -42.7161 -22.794 313.43 0.2548 0.2535 0.089905 
121068 104894 -5.00649 -46.5107 308.766 0.2467 0.2479 0.070085 
28263 104895 8.21008 49.3213 272.417 0.1976 0.1999 -0.072698 
174198 104896 -29.4614 24.8563 293.133 0.2251 0.2249 0.006067 
95807 104897 43.2349 16.9435 271.543 0.1986 0.1975 -0.075823 
19531 104898 28.3738 -41.1695 295.87 0.2284 0.229 0.017002 
51440 104899 -47.847 -14.5143 312.4 0.2534 0.2515 0.085457 
137204 104900 14.1257 -44.4789 301.739 0.2364 0.2376 0.04076 
60520 104901 -2.03914 -48.4791 308.468 0.2461 0.2475 0.06872 
141746 104902 -21.1038 43.6936 284.108 0.2121 0.2134 -0.029285 
25860 104903 15.8409 -47.4243 302.166 0.2369 0.2382 0.042478 
138530 104904 44.1665 -15.4069 282.054 0.2112 0.2099 -0.037107 
147387 104905 31.1895 29.4301 271.441 0.1979 0.1981 -0.076305 
13745 104906 43.1088 25.3304 268.837 0.1953 0.1945 -0.085762 
153249 104907 -19.677 32.0118 287.542 0.2173 0.2179 -0.016066 
148770 104908 -22.7871 38.1495 286.542 0.2156 0.2165 -0.019994 
146347 104909 20.7109 41.7048 270.86 0.1965 0.1979 -0.078519 
118395 104910 -35.3227 30.3085 293.339 0.2251 0.2248 0.0066259 
31409 104911 -16.4344 47.2219 281.41 0.2085 0.2102 -0.039695 
34991 104912 -28.8854 40.8122 287.709 0.217 0.2177 -0.015583 
22097 104913 25.7116 42.8825 268.82 0.1941 0.1955 -0.085949 
170518 104914 23.9913 33.7945 272.423 0.1988 0.1996 -0.072874 
174707 104915 -20.808 3.73266 297.377 0.2315 0.2311 0.022662 
125809 104916 31.1589 -26.7052 290.201 0.2214 0.2212 -0.0058346 
92885 104917 35.1808 33.4295 268.82 0.1948 0.195 -0.08594 
121706 104918 -45.1378 10.673 303.182 0.2396 0.238 0.046409 
51441 104919 -48.611 -11.7036 311.808 0.2525 0.2506 0.082565 
92816 104920 44.9654 18.2337 270.644 0.1976 0.1964 -0.079501 
139502 104921 35.9206 -29.4754 289.563 0.2204 0.2201 -0.0084472 
132211 104922 40.7962 -26.2759 286.875 0.217 0.2163 -0.018936 
113292 104923 -37.6154 -30.6301 314.464 0.2561 0.2554 0.093826 
116532 104924 -19.2015 -44.5615 312.97 0.2531 0.2539 0.087435 
114650 104925 -45.6603 16.4291 301.461 0.237 0.2355 0.039252 
132446 104926 48.0759 -6.55485 277.878 0.2063 0.2046 -0.053105 
17085 104927 39.6334 -30.4827 288.674 0.2192 0.2187 -0.011981 
143286 104928 -32.3583 36.1681 290.457 0.2209 0.2211 -0.0050039 
132139 104929 34.8427 -33.7803 291.373 0.2226 0.2226 -0.0013974 
51171 104930 -49.9707 1.71215 307.814 0.2465 0.2445 0.06559 
120931 104931 -21.6998 -41.0463 312.647 0.2528 0.2533 0.085952 
5036 104932 49.3883 -7.79687 277.879 0.2063 0.2045 -0.053214 
125402 104933 -31.2014 -22.8079 309.751 0.2492 0.2486 0.07349 
148922 104934 8.37517 45.8622 273.673 0.1993 0.2014 -0.068675 
121617 104935 -34.5691 -27.4739 312.438 0.2531 0.2524 0.084921 
169645 104936 27.1281 34.672 271.157 0.1973 0.198 -0.077757 
125019 104937 -32.4274 3.03176 301.558 0.2374 0.2365 0.039367 
143543 104938 1.43701 48.5057 275.115 0.2008 0.203 -0.063476 
115662 104939 -35.1978 33.4269 292.354 0.2236 0.2235 0.0023392 
93504 104940 41.9414 19.8507 271.17 0.1981 0.1972 -0.077786 
138591 104941 40.2746 -2.08674 279.042 0.2077 0.2065 -0.048875 
172859 104942 21.1685 35.0231 273.046 0.1994 0.2004 -0.07096 
150780 104943 8.02598 43.3092 274.667 0.2007 0.2025 -0.065114 
19753 104944 27.0767 -42.034 296.769 0.2295 0.2303 0.01991 
144182 104945 7.47416 47.9428 273.316 0.1988 0.201 -0.070145 
10216 104946 46.5319 -18.2971 282.377 0.2116 0.2102 -0.036484 
119325 104947 -17.9643 -42.85 312.066 0.2518 0.2526 0.083219 
178442 104948 35.8323 -10.2976 283.283 0.2128 0.212 -0.032972 
149414 104949 21.1796 39.3578 271.618 0.1975 0.1988 -0.076254 
33400 104950 5.18602 -49.7303 306.662 0.2433 0.2449 0.060415 
40869 104951 -8.84973 -49.2106 311.168 0.2501 0.2515 0.079386 
143252 104952 -6.12034 48.1331 277.812 0.204 0.2062 -0.053723 
51444 104953 -49.8317 -4.09922 309.795 0.2495 0.2474 0.073565 
148931 104954 1.64613 44.1753 276.547 0.2028 0.2047 -0.058367 
124433 104955 -21.4339 -31.8703 309.594 0.2486 0.2487 0.072508 
7417 104956 48.4422 12.3835 271.553 0.1988 0.1972 -0.076706 
179265 104957 -9.12991 36.5428 282.693 0.2109 0.212 -0.035349 
125816 104958 14.8503 -23.0139 294.553 0.2273 0.2275 0.010778 
171903 104959 35.7276 19.9519 273.273 0.2005 0.2 -0.070355 
138566 104960 43.052 -17.511 283.321 0.2128 0.2116 -0.03304 
132541 104961 46.7587 -12.9844 280.578 0.2095 0.2079 -0.043453 
51152 104962 -49.715 5.33053 306.633 0.2448 0.2427 0.060198 
176704 104963 40.6974 3.30145 277.176 0.2054 0.2042 -0.056089 
178441 104964 36.4186 -16.2593 285.123 0.2151 0.2143 -0.026145 
330 104965 50 0 275.18 0.2031 0.2012 -0.063585 
43345 104966 -26.229 -42.568 314.779 0.256 0.2564 0.094671 
30270 104967 -7.35163 49.4566 277.812 0.2039 0.2061 -0.053861 
175040 104968 -3.67851 -24.5284 301.251 0.2367 0.237 0.037687 
179333 104969 11.4902 35.1755 276.297 0.2032 0.2044 -0.059322 
61137 104970 24.5288 41.8716 269.719 0.1952 0.1966 -0.083347 
34403 104971 -2.61468 -49.9316 309.368 0.2473 0.2488 0.071619 
137185 104972 9.16994 -45.5674 303.988 0.2396 0.2409 0.049083 
115268 104973 -47.9458 6.81676 305.569 0.2432 0.2413 0.055653 
178793 104974 27.1795 -14.1169 287.507 0.2182 0.2178 -0.017001 
142071 104975 -22.4569 43.0205 285.007 0.2133 0.2145 -0.026709 
35225 104976 -30.1435 39.8919 288.615 0.2182 0.2188 -0.012761 
37036 104977 -38.9317 31.374 294.394 0.2265 0.226 0.010014 
115381 104978 -33.4782 -35.1202 314.741 0.2563 0.256 0.094356 
131856 104979 4.01647 -48.3571 306.663 0.2434 0.2448 0.060118 
26152 104980 14.35 -47.8965 303.065 0.2381 0.2395 0.045194 
178806 104981 30.7558 4.81561 280.033 0.2088 0.2082 -0.045564 
24154 104982 12.7832 48.3383 271.517 0.1967 0.1989 -0.077073 
152688 104983 -29.0989 28.1516 292.207 0.2237 0.2236 0.0012509 
17333 104984 38.6607 -31.7073 289.574 0.2203 0.22 -0.0091218 
119321 104985 -13.004 -44.638 311.112 0.2503 0.2513 0.078745 
11219 104986 45.2872 21.1913 269.742 0.1965 0.1954 -0.083482 
31579 104987 -17.9048 46.6842 282.309 0.2096 0.2113 -0.037179 
116698 104988 -13.9951 -46.4637 312.067 0.2516 0.2527 0.082771 
132140 104989 33.7798 -34.8438 292.272 0.2238 0.2238 0.0014046 
134634 104990 46.6292 0.906477 276.074 0.2042 0.2025 -0.060523 
51424 104991 -47.0557 -16.9044 313.242 0.2546 0.2529 0.087779 
116161 104992 -23.2793 -42.5819 313.877 0.2546 0.2551 0.090457 
29264 104993 0.435746 49.9981 275.115 0.2007 0.2031 -0.064124 
46650 104994 -39.1534 -31.0968 315.345 0.2574 0.2566 0.096764 
114634 104995 -39.2822 28.5157 295.523 0.2282 0.2276 0.014292 
125090 104996 -9.76161 -30.1854 305.251 0.2422 0.2426 0.053835 
175313 104997 -20.9346 28.7004 289.348 0.2199 0.2202 -0.010146 
142681 104998 -12.5851 46.8651 280.51 0.2074 0.2093 -0.044098 
123582 104999 -22.7534 -35.0558 311.208 0.2509 0.2511 0.078913 
